{
  "advancedEditorSelectedIdentifier" : "ProjectBrowser",
  "openSceneRelativePaths" : [
    "Immersive.usda"
  ],
  "recentIdentifiers" : {
    "C6A7F375-BFE9-46E0-9EA6-1A6B150F43FD" : [

    ]
  },
  "sceneCameraHistory" : {
    "C6A7F375-BFE9-46E0-9EA6-1A6B150F43FD" : [
      {
        "date" : 764394650.780854,
        "title" : "Untitled",
        "transform" : [
          0.96894264,
          8.356971e-09,
          0.24728571,
          0,
          0.17485736,
          0.7071069,
          -0.6851458,
          0,
          -0.17485742,
          0.7071067,
          0.685146,
          0,
          -0.69573975,
          3.1319854,
          3.570167,
          1
        ]
      },
      {
        "date" : 764394241.721602,
        "title" : "Untitled",
        "transform" : [
          0.96894264,
          8.356971e-09,
          0.24728571,
          0,
          0.17485736,
          0.7071069,
          -0.6851458,
          0,
          -0.17485742,
          0.7071067,
          0.685146,
          0,
          -0.6728052,
          3.4574325,
          3.2401419,
          1
        ]
      },
      {
        "date" : 764394072.389908,
        "title" : "Untitled",
        "transform" : [
          0.96894264,
          0,
          0.2472857,
          0,
          0.17485736,
          0.7071068,
          -0.6851458,
          0,
          -0.17485741,
          0.70710677,
          0.685146,
          0,
          -0.2492043,
          3.5157526,
          9.351443,
          1
        ]
      },
      {
        "date" : 764394054.636276,
        "title" : "Untitled",
        "transform" : [
          0.96894264,
          0,
          0.2472857,
          0,
          0.17485736,
          0.7071068,
          -0.6851458,
          0,
          -0.17485741,
          0.70710677,
          0.685146,
          0,
          -0.13144426,
          1.8544042,
          4.932473,
          1
        ]
      },
      {
        "date" : 764393498.656639,
        "title" : "Untitled",
        "transform" : [
          0.9686969,
          0,
          0.24824658,
          0,
          0.17553683,
          0.7071068,
          -0.68497205,
          0,
          -0.17553687,
          0.70710677,
          0.6849722,
          0,
          -0.2846421,
          3.8716135,
          10.297709,
          1
        ]
      },
      {
        "date" : 764393491.781613,
        "title" : "Untitled",
        "transform" : [
          0.99805325,
          0,
          0.062367942,
          0,
          0.04410079,
          0.7071068,
          -0.70573014,
          0,
          -0.044100802,
          0.70710677,
          0.7057303,
          0,
          2.7428923,
          2.413653,
          4.520562,
          1
        ]
      },
      {
        "date" : 764393486.060243,
        "title" : "Untitled",
        "transform" : [
          0.99805325,
          0,
          0.062367942,
          0,
          0.04410079,
          0.7071068,
          -0.70573014,
          0,
          -0.044100802,
          0.70710677,
          0.7057303,
          0,
          1.8498483,
          3.0426993,
          3.8344831,
          1
        ]
      },
      {
        "date" : 764393482.217587,
        "title" : "Untitled",
        "transform" : [
          0.99805325,
          0,
          0.062367942,
          0,
          0.04410079,
          0.7071068,
          -0.70573014,
          0,
          -0.044100802,
          0.70710677,
          0.7057303,
          0,
          2.8289065,
          2.8434596,
          4.095292,
          1
        ]
      },
      {
        "date" : 764393477.594686,
        "title" : "Untitled",
        "transform" : [
          0.99805325,
          0,
          0.062367942,
          0,
          0.04410079,
          0.7071068,
          -0.70573014,
          0,
          -0.044100802,
          0.70710677,
          0.7057303,
          0,
          0.34699106,
          3.1475086,
          3.6355567,
          1
        ]
      },
      {
        "date" : 764393457.642038,
        "title" : "Untitled",
        "transform" : [
          0.99805325,
          0,
          0.062367942,
          0,
          0.04410079,
          0.7071068,
          -0.70573014,
          0,
          -0.044100802,
          0.70710677,
          0.7057303,
          0,
          0.662436,
          2.0361643,
          4.768781,
          1
        ]
      }
    ]
  },
  "sceneViewportBackgroundColors" : {

  }
}